Max Distance From Depot
69
Req	X_Coor	Y_Coor	Arr
0	35	35	-1	
1	37	31	5	
2	6	38	7	
3	28	18	12	
4	20	40	18	
5	8	56	27	
6	27	69	33	
7	26	35	42	
8	55	20	45	
9	37	47	45	
10	6	38	56	
11	47	47	56	
12	20	50	59	
13	35	40	65	
14	27	69	76	
15	49	58	91	
16	44	17	97	
17	49	58	102	
18	12	24	121	
19	67	5	126	
20	15	10	131	
21	45	20	134	
22	49	42	134	
23	22	22	143	
24	35	17	150	
25	27	43	151	
26	23	3	156	
27	27	43	167	
28	40	60	169	
29	63	65	170	
30	56	37	170	
31	64	42	175	
32	26	52	176	
33	26	52	177	
34	13	52	181	
35	35	69	189	
36	18	18	192	
37	35	69	195	
38	62	77	203	
39	41	49	208	
40	8	56	209	
41	42	7	211	
42	37	47	214	
43	37	47	217	
44	5	5	219	
45	20	50	220	
46	25	30	228	
47	20	20	229	
48	41	49	230	
49	45	30	230	
50	6	38	230	
51	17	34	231	
52	56	39	247	
53	49	42	250	
54	2	48	251	
55	15	77	251	
56	30	60	253	
57	2	60	254	
58	67	5	255	
59	31	67	257	
60	5	30	259	
61	45	20	269	
62	8	56	270	
63	20	26	277	
64	63	23	286	
65	28	18	287	
66	53	43	290	
67	30	60	307	
68	25	21	308	
69	53	52	310	
70	26	27	313	
71	28	18	315	
72	55	60	319	
73	20	65	326	
74	8	56	330	
75	61	52	338	
76	57	68	347	
77	26	27	356	
78	56	39	363	
79	49	58	379	
80	22	22	380	
81	45	10	382	
82	49	42	390	
83	17	34	395	
84	44	17	412	
85	15	47	412	
86	20	65	414	
87	25	21	419	
88	11	14	442	
89	45	30	446	
90	11	31	446	
91	53	43	448	
92	53	52	458	
93	37	56	458	
94	17	34	461	
95	24	12	478	
96	49	58	478	
97	15	30	479	
